01 05 09 07 05 05 08 07 07 05 05 08 10 05 02 
55 88 00 00 00 00 00 00 00 00 00 00 00 00 66 
55 00 11 00 11 00 11 00 11 00 11 00 11 00 66 
55 00 00 00 00 00 00 00 00 00 00 00 00 00 66 
55 00 11 00 11 00 11 00 11 00 11 00 11 00 66 
55 00 00 12 00 00 00 00 00 00 00 12 00 00 66 
55 00 11 00 11 00 11 00 11 00 11 00 11 00 66 
55 00 00 00 00 00 00 00 00 00 00 00 00 00 66 
55 00 11 00 11 00 11 00 11 00 11 00 11 00 66  
55 00 00 00 00 00 00 00 00 00 00 00 00 00 66 
55 00 11 00 11 00 11 00 11 00 11 00 11 00 66 
55 00 00 00 00 12 00 00 00 00 00 00 00 00 66 
04 06 06 06 06 06 06 06 06 06 06 06 06 06 03
